$ANSIBLE_VAULT;1.1;AES256
66386439656538653531316532643562343935636139383438343330373738623033336234346565
3032616630383632626638623432646336333939303966340a636634623961666532643564373562
64323164666562333637383662323634306238323932393630376162336236303331376136373137
3135316464346261640a653864643439666566666663663834313530613236313234356261643033
61363533646433333961333261343061643130396138633139613834306662373432666335366137
66653465653564316366353364616430346363333835316366356563663364336437333063303732
38336563336236323761356539323439333034303933373035356162323965383864346133363765
34643134663132356261376137383364353466356234393633663866633632326661336536356664
61643965633238396330386636666533306366626565313839366335653034363835383739663832
36323266636131373930376565343661346135323930623266366238343534303361663837653631
33626430333533636537323534363839366635663736336235313331306366346662346266373266
36326665323365326335396132323331653162356635636239646530626430623164663132396432
34353466333537356266376564653462316630646361343561343666636336393166643436373537
35633863326534623838323464646161353963653464313339373730663833643836343665303831
38323234343037316134383062353131383430633261636666353037393762613061316163663631
38366533643332346532656632653636376336373433643538306163333131306365353739366236
32326239393530376538633862376437316137363964623435623830323763383435653931313135
35323339653130396536353430373239353864663133613632366230663737333138633139313835
61313435333837386234373663343063323735306239346132643937353061383462366461383732
61363139313362626238353838636434653531663439663463336162363330313534363563633066
34333839336234356261613033346232643262353437646236613265666239613733373538346631
32396635663761313032383130333034343139613439613938666363373463303966646632336239
31316231323662396665393631613933643132663038626266663738643430313134643231376435
61383235323634313362336532396663636432323836663766663130653633616266636661363963
37386333343032613163656662316361383964393439373838303536666236383931393537393134
38646262633963663439386233633434313237626633396366613533386333326237663631333335
34643630633537343034663732306532383636636135336336323930363738323535306434323062
36343436323665643034613864323739383631616538666630393631383461653566356634323664
64636564343035333662333265626435353232663561313261616261633039623531
